2409.20325
2409.11321
2402.04553
2401.02954
2306.16636
2305.14342
2211.04422
1910.02054
1809.10232
1512.04202
1412.6980
2506.03133
2505.18877
2505.13898
2505.09388
2504.13181
2503.19786
2503.14858
2410.18965
2407.18242
2407.17032
2403.03507
2312.00751
2307.05695
2303.03378
2212.09748
2206.07568
2105.15075
2103.03841
2011.13456
2010.02502
2006.11239
2003.01094
1911.00645
1910.10683
1904.06991
1901.09321
1901.08572
1810.02281
1809.08587
1712.09913
1705.03341
1702.08591
1611.04231
1606.03498
1605.07146
1509.08101
2511.14329
2506.13585
2503.14125
2502.05795
2502.02732
2406.17557
2402.17762
2402.00838
2312.08874
2308.00442
2307.09288
2301.13310
2009.14794
2004.05150
1904.10509
1606.08415
2510.25741
2510.24824
2510.17483
2510.07358
2506.21734
2506.04178
2505.12514
2505.05522
2504.16891
2504.11456
2503.22742
2502.17416
2502.05171
2412.06769
2410.23168
2410.20672
2410.01560
2402.14830
2310.07096
2309.05653
2209.08326
2103.03206
1905.13319
1807.03819
2505.23884
2304.06364
1606.06031
2510.00219
1801.02790
2203.03619
2112.04150
2111.13470
2110.11852
2106.13797
2106.10920
2103.11816
2103.01075
