2102.08602
2102.06171
2102.05644
2101.11986
2101.11605
2101.08692
2010.11430
2010.10504
2006.07159
2006.03677
2005.12872
2004.13621
2004.08955
2004.07320
2003.13678
2003.10580
2003.08237
2003.02436
1912.03458
1911.09665
1911.08460
1909.11556
1909.06317
1906.06423
1906.05909
1905.03072
1903.06586
1902.05509
1902.10811
1807.03039
1806.05393
1803.03635
1802.06901
1802.05751
1711.05101
1711.02281
1703.06211
1502.03167
1412.6550
1409.4842
1409.1556
1409.0575
2010.14701
2006.09265
2005.05512
2004.10964
1911.06904
1910.13461
1904.03241
1904.01557
1806.00608
1610.02136
1511.06434
0712.3329
2103.02143
2012.14905
2012.05208
2011.04006
1908.11775
1905.04226
1904.01038
1901.02860
1812.01243
1811.12143
2002.10585
1809.10853
1808.04444
1806.00187
1804.02464
1709.07871
1703.03130
1703.00837
1702.01929
1610.06258
1609.09106
1606.01933
1606.01164
1605.09673
1601.06733
1511.07289
1511.05756
1508.07909
2008.12009
2008.02275
2004.10151
2004.07780
2004.03607
1910.11473
1909.11942
1909.10155
1909.01958
1909.01066
1909.00277
1907.07174
1906.02530
1812.04606
1706.04599
1207.4708
1911.03584
1907.10747
