2102.12627
2102.12895
2012.12877
2012.11747
2010.15831
1910.03151
1910.01279
1909.13719
1906.07155
1905.10671
1905.11946
1905.04899
1905.02244
1904.11492
1904.09925
1810.11579
1808.07561
1807.06521
1805.09501
1711.07971
1710.09412
1709.01507
1708.04896
1703.06870
1603.09382
1512.00567
1506.01497
1405.0312
2103.14030
2209.01667
2208.07339
2207.07061
2207.00032
2205.05198
2204.02311
2203.17189
2201.11990
2201.08239
2112.11446
2111.12763
2110.03742
2105.04663
2105.03536
2102.04010
2009.08065
2008.05221
2005.14187
2005.03454
2004.02984
2003.05997
1910.06188
1910.01108
1905.07799
1807.10029
2210.06710
2210.02875
2209.15003
2209.07686
2207.10551
2207.05221
2206.07682
2206.04615
2205.11916
2205.11503
2205.10625
2205.09712
2205.01825
2204.02329
2203.11171
2202.12837
2202.07785
2203.07814
2201.11903
2112.08674
2112.00114
2111.08284
2111.02080
2110.15943
2110.08207
2109.07684
2109.06129
2109.03910
2109.01652
2109.01247
2105.11447
2104.08773
2104.08691
2102.09690
2102.02201
2102.01293
2011.05268
2001.07676
2207.00747
2205.06130
2204.11454
2204.01691
2110.08538
2109.03630
2106.06937
2104.07412
