2502.12170
2501.18795
2412.06464
2411.07501
2410.17897
2410.17980
2409.19606
2407.04620
2406.01574
2405.21060
2404.07904
2404.06395
2403.17887
2402.02622
2312.06635
2311.12022
2309.17453
2309.00071
2307.08621
2306.09212
2305.08322
2302.13971
GPipe1811
2504.17577
2502.06785
2408.15664
2405.04434
2305.13245
2304.14802
2205.14135
2104.09864
2101.03961
2006.16668
2005.14165
2004.08178
1911.11641
1911.02150
1903.00161
1707.06484
1701.06538
1611.05431
1610.02357
1605.07648
1603.05027
1507.06228
2512.17351
2510.07019
2508.15884
2508.09834
2508.10925
2507.22448
2507.20534
2507.19595
2506.10918
2506.07900
2506.04761
2505.23735
2505.22617
2505.16381
2505.15431
2505.06708
2505.00315
2504.08719
2504.03624
2503.21614
2503.16428
2503.14456
2503.02130
2503.01496
2502.13685
2502.13189
2502.11089
2501.12599
2501.12948
2501.08313
2412.17739
2412.15204
2412.05496
2411.13676
2411.12537
2410.10781
2410.10254
2410.06205
2410.02694
2409.12941
2409.07146
2407.14207
2406.14909
2406.11612
2406.07887
2406.06484
2406.06025
2406.04127
2405.14782
2405.05254
2404.08819
2404.07143
2404.06654
2403.19887
2403.07974
