2402.18510
2402.18668
2402.11463
2402.01032
2312.04927
2312.00752
2309.16039
2307.14995
2307.02486
2305.19466
2305.01210
2305.01625
2303.09752
2207.00729
2203.08913
2203.02155
2202.10447
2111.00396
2108.12409
2011.07831
2007.14062
2006.04768
2001.04451
1902.09113
1807.05076
1803.02155
0907.2397
2407.21783
2403.09635
2305.16264
2305.13048
2303.08774
2211.02001
2211.04325
2209.15168
2203.03466
2202.05262
2112.06905
2111.00254
2110.09456
2101.00027
2012.14913
2007.06257
1911.07013
1906.02243
1902.05770
1810.10181
1806.00722
1707.06130
1609.07843
2504.13173
2502.10297
2501.12352
2501.00663
2411.19574
2410.05565
2407.08608
2405.18512
2404.12224
2403.17844
2307.08691
2212.04356
2209.11895
2209.10652
2208.01066
2103.00020
2010.11929
2008.02217
2002.05202
2502.15499
2501.00656
2412.13795
2410.16682
2410.10986
2410.09637
2409.02060
2408.00118
2406.17837
2302.05442
2206.03126
2206.00330
2106.16225
2105.13290
2010.04245
2004.08249
1909.08053
1908.11365
1906.01787
1905.10044
1808.07042
1809.02789
1707.06209
1709.03815
1607.06450
1811.00937
1810.04805
2502.07529
2412.15115
2411.15124
2411.10438
