2102.00894
2012.15723
2101.00148
2010.11934
2010.06478
2009.07118
2005.00700
2005.00333
2005.00633
2003.11080
2003.05002
2001.08210
1911.02116
1906.01502
1902.09697
1902.09492
1809.05053
1808.09121
1805.08154
1710.04087
2205.12615
2205.10893
2204.05660
2202.07646
2202.01344
2112.15594
2107.06750
2104.01112
2102.06203
2101.06223
2009.03393
1904.09751
1901.03735
1806.02847
1805.07563
1606.04442
2202.01169
2112.10684
2112.04426
2112.04359
2109.10686
2109.07445
2109.07958
2104.06390
2012.04584
2009.11462
2005.11401
2002.08909
1911.05507
1907.10641
1907.04164
1812.06162
1811.03600
1810.03993
1808.06226
1804.09301
1704.04760
1704.04683
2208.10442
2208.06366
2111.02358
2106.16138
2106.13736
2106.08254
2106.03193
2012.15355
2010.11125
2007.07834
2006.16241
2004.11867
2002.12804
1911.04944
1911.06154
1908.03265
1908.05620
1907.11692
1905.03197
1807.10221
1804.08771
1804.07461
1804.06323
1608.05442
2109.03034
2106.07340
2105.00377
2011.10208
2009.11506
2106.15772
2010.15875
2004.13781
1912.01412
1905.00537
1811.00720
1705.04146
1608.01413
1409.3215
2106.05784
2106.00737
2105.09938
2102.04664
