2102.02017
2012.07805
2010.12621
2010.03150
2010.01625
2007.14381
2007.02220
2006.08381
2006.03511
2005.10636
2005.08025
2005.02161
2004.00348
2003.13848
2003.07914
2002.08155
2002.09030
1912.03768
1911.01205
1909.09436
1906.04908
1906.04604
1901.01808
1809.04682
1808.09588
1807.03168
1805.11683
1803.09473
1711.00740
1709.06182
1703.07469
1611.01989
1603.06744
1602.03001
1602.02410
1511.08228
1511.06392
1511.01432
1410.5401
1410.4615
1402.4182
1401.0514
2101.00190
2106.02636
2105.08777
2104.10350
2104.07896
2103.14659
2102.12092
2101.11149
2101.05783
2012.10544
2011.04542
2009.10297
2009.05617
2009.01325
2007.04973
2006.11477
2006.03654
2005.14050
2005.14311
2005.09535
2005.00341
1909.05858
1908.02265
1905.12941
1812.08693
1812.01608
1808.01400
1807.03748
1707.02275
1611.08669
1609.03499
1601.06759
1511.06279
1310.4546
1308.0850
1401.4492
2104.07857
2102.07988
2102.03161
2101.06840
2007.01045
2006.16423
2006.09503
2005.14038
2004.13336
2003.11666
1912.01703
1910.05124
1910.02653
1910.01500
1909.09756
1906.08237
1811.02084
1807.05358
1712.04432
1706.02677
1604.06174
2103.00112
