1602.01783
1506.07285
1506.02626
1506.00511
1502.05698
1410.3916
1808.05326
1805.02266
1805.01042
1803.02324
1711.02173
1707.07328
1705.00754
1609.06038
1607.01759
1605.03705
1809.11096
1809.02839
1807.11205
1806.03377
1806.01427
1806.06193
1805.08974
1805.00932
1802.01548
1712.01769
1711.07240
1710.03740
1708.04552
1707.07012
1707.02968
1707.01629
1704.01740
1611.05725
1609.08144
1602.07261
1512.01274
1511.06789
1510.08983
1504.08083
1411.4038
1408.5093
1404.5997
1403.6382
1306.5151
1609.04309
1512.04906
1511.06909
1206.6426
1906.03672
1710.06481
1704.05572
1611.09830
1611.01603
1612.03969
1606.05250
1604.06076
1604.04315
1712.03556
1710.10723
1709.04348
1708.02182
1708.00107
1707.07045
1707.05589
1704.03471
1705.00108
1611.06639
1611.01587
1609.08667
1607.04492
1607.04606
1607.02789
1604.03035
1603.01354
1603.01360
1512.05287
1511.08308
1508.06615
1508.05326
1508.02096
1504.06654
1409.1259
1312.3005
1103.0398
1705.04304
1703.03906
1703.10722
1702.00887
1610.10099
1610.08613
1606.04199
1602.07776
1511.06114
1412.7449
1412.3555
1704.05179
1611.09268
1608.05457
1607.06275
