1907.05242
1905.02450
1905.10650
1803.09519
1712.00527
1701.05517
2002.10444
1901.08987
1812.01187
1802.09979
1712.08969
1711.04735
1706.02515
1611.01232
1611.01260
1606.05340
1511.06422
1502.01852
1402.1869
1312.6120
1906.02762
1902.08129
1902.06720
1902.04760
1804.00247
1803.07416
1805.11462
1711.00165
1705.03122
1612.08083
1609.04747
1506.06724
1212.5701
1909.12673
1906.06669
1906.02909
1909.01736
1901.10159
1901.01608
1811.07062
1812.04754
1806.07572
1804.04235
1801.10198
1712.00409
1710.03667
1907.07844
1207.0658
1005.0208
1905.13324
1806.02375
1805.11604
1804.10752
1804.09849
1803.08494
1803.01814
1802.09769
1710.01329
1703.04357
1702.03275
1607.08022
1605.08695
1605.02688
1603.09025
1603.01431
1602.07868
1511.06361
1510.01378
1506.03340
1411.2539
1406.1078
1907.01470
1906.02629
1903.00089
1901.10055
1808.04189
1808.07512
1807.06610
1702.05870
1701.06548
1608.05859
1606.02891
1508.04025
1211.5063
1811.09556
1807.06473
1804.01756
1709.05706
1709.04905
1703.03400
1611.05763
1611.03530
1611.02779
1610.09027
1610.07629
1609.01596
1608.05343
1607.04315
1606.04474
1606.04080
