2502.12170
2501.18795
2504.17577
2502.06785
2512.17351
2510.07019
2508.15884
2508.09834
2508.10925
2507.22448
2507.20534
2507.19595
2506.10918
2506.07900
2506.04761
2505.23735
2505.22617
2505.16381
2505.15431
2505.06708
2505.00315
2504.08719
2504.03624
2503.21614
2503.16428
2503.14456
2503.02130
2503.01496
2502.13685
2502.13189
2502.11089
2501.12599
2501.12948
2501.08313
2504.13173
2502.10297
2501.12352
2502.15499
2502.07529
2506.03133
2505.18877
2505.13898
2505.09388
2504.13181
2503.19786
2503.14858
2511.14329
2506.13585
2503.14125
2502.05795
2502.02732
2510.25741
2510.24824
2510.17483
2510.07358
2506.21734
2506.04178
2505.12514
2505.05522
2504.16891
2504.11456
2503.22742
2502.17416
2502.05171
2505.23884
2510.00219
2412.06464
2411.07501
2410.17897
2410.17980
2409.19606
2407.04620
2406.01574
2405.21060
2404.07904
2404.06395
2403.17887
2402.02622
2408.15664
2405.04434
2412.17739
2412.15204
2412.05496
2411.13676
2411.12537
2410.10781
2410.10254
2410.06205
2410.02694
2409.12941
2409.07146
2407.14207
2406.14909
2406.11612
2406.07887
2406.06484
2406.06025
2406.04127
2405.14782
2405.05254
2404.08819
2404.07143
2404.06654
2403.19887
2403.07974
2402.18510
2402.18668
2402.11463
2402.01032
2407.21783
2403.09635
2501.00663
2411.19574
2410.05565
2407.08608
2405.18512
2404.12224
2403.17844
2501.00656
2412.13795
2410.16682
2410.10986
2410.09637
2409.02060
2408.00118
2406.17837
2412.15115
2411.15124
2411.10438
2409.20325
2409.11321
2402.04553
2401.02954
2410.18965
2407.18242
2407.17032
2403.03507
2406.17557
2402.17762
2402.00838
2412.06769
2410.23168
2410.20672
2410.01560
2402.14830
2312.06635
2311.12022
2309.17453
2309.00071
2307.08621
2306.09212
2305.08322
2302.13971
2305.13245
2304.14802
2312.04927
2312.00752
2309.16039
2307.14995
2307.02486
2305.19466
2305.01210
2305.01625
2303.09752
2305.16264
2305.13048
2303.08774
2307.08691
2302.05442
2306.16636
2305.14342
2312.00751
2307.05695
2303.03378
2312.08874
2308.00442
2307.09288
2301.13310
2310.07096
2309.05653
2304.06364
2205.14135
2207.00729
2203.08913
2203.02155
2202.10447
2211.02001
2211.04325
2209.15168
2203.03466
2202.05262
2212.04356
2209.11895
2209.10652
2208.01066
2206.03126
2206.00330
2211.04422
2212.09748
2206.07568
2209.08326
2203.03619
2209.01667
2208.07339
2207.07061
2207.00032
2205.05198
2204.02311
2203.17189
2201.11990
2201.08239
2210.06710
2210.02875
2209.15003
2209.07686
2207.10551
2207.05221
2206.07682
2206.04615
2205.11916
2205.11503
2205.10625
2205.09712
2205.01825
2204.02329
2203.11171
2202.12837
2202.07785
2203.07814
2201.11903
2207.00747
2205.06130
2204.11454
2204.01691
2205.12615
2205.10893
2204.05660
2202.07646
2202.01344
2202.01169
2208.10442
2208.06366
2104.09864
2101.03961
2111.00396
2108.12409
2112.06905
2111.00254
2110.09456
2103.00020
2106.16225
2105.13290
2105.15075
2103.03841
2103.03206
2112.04150
2111.13470
2110.11852
2106.13797
2106.10920
2103.11816
2103.01075
2102.12627
2102.12895
2103.14030
2112.11446
2111.12763
2110.03742
2105.04663
2105.03536
2102.04010
2112.08674
2112.00114
2111.08284
2111.02080
2110.15943
2110.08207
2109.07684
2109.06129
2109.03910
2109.01652
2109.01247
2105.11447
2104.08773
2104.08691
2102.09690
2102.02201
2102.01293
2110.08538
2109.03630
2106.06937
2104.07412
2102.00894
2012.15723
2101.00148
2112.15594
2107.06750
2104.01112
2102.06203
2101.06223
2112.10684
2112.04426
2112.04359
2109.10686
2109.07445
2109.07958
2104.06390
2111.02358
2106.16138
2106.13736
2106.08254
2106.03193
2109.03034
2106.07340
2105.00377
2106.05784
2106.00737
2105.09938
2102.04664
2102.02017
2101.00190
2106.02636
2105.08777
2104.10350
2104.07896
2103.14659
2102.12092
2101.11149
2101.05783
2104.07857
2102.07988
2102.03161
2101.06840
2103.00112
2102.08602
2102.06171
2102.05644
2101.11986
2101.11605
2101.08692
2103.02143
2006.16668
2005.14165
2004.08178
2011.07831
2007.14062
2006.04768
2001.04451
2101.00027
2012.14913
2007.06257
2010.11929
2008.02217
2002.05202
2010.04245
2004.08249
2011.13456
2010.02502
2006.11239
2003.01094
2009.14794
2004.05150
2012.12877
2012.11747
2010.15831
2009.08065
2008.05221
2005.14187
2005.03454
2004.02984
2003.05997
2011.05268
2001.07676
2010.11934
2010.06478
2009.07118
2005.00700
2005.00333
2005.00633
2003.11080
2003.05002
2001.08210
2009.03393
2012.04584
2009.11462
2005.11401
2002.08909
2012.15355
2010.11125
2007.07834
2006.16241
2004.11867
2002.12804
2011.10208
2009.11506
2106.15772
2010.15875
2004.13781
2012.07805
2010.12621
2010.03150
2010.01625
2007.14381
2007.02220
2006.08381
2006.03511
2005.10636
2005.08025
2005.02161
2004.00348
2003.13848
2003.07914
2002.08155
2002.09030
2012.10544
2011.04542
2009.10297
2009.05617
2009.01325
2007.04973
2006.11477
2006.03654
2005.14050
2005.14311
2005.09535
2005.00341
2007.01045
2006.16423
2006.09503
2005.14038
2004.13336
2003.11666
2010.11430
2010.10504
2006.07159
2006.03677
2005.12872
2004.13621
2004.08955
2004.07320
2003.13678
2003.10580
2003.08237
2003.02436
2010.14701
2006.09265
2005.05512
2004.10964
2012.14905
2012.05208
2011.04006
2008.12009
2008.02275
2004.10151
2004.07780
2004.03607
2002.10444
1911.11641
1911.02150
1903.00161
1902.09113
1911.07013
1906.02243
1902.05770
1909.08053
1908.11365
1906.01787
1905.10044
1811.00937
1810.04805
1910.02054
1911.00645
1910.10683
1904.06991
1901.09321
1901.08572
1904.10509
1905.13319
1910.03151
1910.01279
1909.13719
1906.07155
1905.10671
1905.11946
1905.04899
1905.02244
1904.11492
1904.09925
1910.06188
1910.01108
1905.07799
1911.02116
1906.01502
1902.09697
1902.09492
1904.09751
1901.03735
1911.05507
1907.10641
1907.04164
1911.04944
1911.06154
1908.03265
1908.05620
1907.11692
1905.03197
1912.01412
1905.00537
1912.03768
1911.01205
1909.09436
1906.04908
1906.04604
1909.05858
1908.02265
1905.12941
1912.01703
1910.05124
1910.02653
1910.01500
1909.09756
1906.08237
1912.03458
1911.09665
1911.08460
1909.11556
1909.06317
1906.06423
1906.05909
1905.03072
1903.06586
1902.05509
1902.10811
1911.06904
1910.13461
1904.03241
1904.01557
1908.11775
1905.04226
1904.01038
1901.02860
1910.11473
1909.11942
1909.10155
1909.01958
1909.01066
1909.00277
1907.07174
1906.02530
1911.03584
1907.10747
1907.05242
1905.02450
1905.10650
1901.08987
1906.02762
1902.08129
1902.06720
1902.04760
1909.12673
1906.06669
1906.02909
1909.01736
1901.10159
1901.01608
1905.13324
1907.01470
1906.02629
1903.00089
1901.10055
GPipe1811
1807.05076
1803.02155
1810.10181
1806.00722
1808.07042
1809.02789
1809.10232
1810.02281
1809.08587
1807.03819
1801.02790
1810.11579
1808.07561
1807.06521
1805.09501
1807.10029
1809.05053
1808.09121
1805.08154
1806.02847
1805.07563
1812.06162
1811.03600
1810.03993
1808.06226
1804.09301
1807.10221
1804.08771
1804.07461
1804.06323
1811.00720
1901.01808
1809.04682
1808.09588
1807.03168
1805.11683
1803.09473
1812.08693
1812.01608
1808.01400
1807.03748
1811.02084
1807.05358
1807.03039
1806.05393
1803.03635
1802.06901
1802.05751
1806.00608
1812.01243
1811.12143
2002.10585
1809.10853
1808.04444
1806.00187
1804.02464
1812.04606
1803.09519
1812.01187
1802.09979
1804.00247
1803.07416
1805.11462
1811.07062
1812.04754
1806.07572
1804.04235
1801.10198
1806.02375
1805.11604
1804.10752
1804.09849
1803.08494
1803.01814
1802.09769
1808.04189
1808.07512
1807.06610
1811.09556
1807.06473
1804.01756
1808.05326
1805.02266
1805.01042
1803.02324
1809.11096
1809.02839
1807.11205
1806.03377
1806.01427
1806.06193
1805.08974
1805.00932
1802.01548
1906.03672
1707.06484
1701.06538
1707.06130
1707.06209
1709.03815
1712.09913
1705.03341
1702.08591
1711.07971
1710.09412
1709.01507
1708.04896
1703.06870
1710.04087
1704.04760
1704.04683
1705.04146
1711.00740
1709.06182
1703.07469
1707.02275
1712.04432
1706.02677
1711.05101
1711.02281
1703.06211
1709.07871
1703.03130
1703.00837
1702.01929
1706.04599
1712.00527
1701.05517
1712.08969
1711.04735
1706.02515
1711.00165
1705.03122
1712.00409
1710.03667
1907.07844
1710.01329
1703.04357
1702.03275
1702.05870
1701.06548
1709.05706
1709.04905
1703.03400
1711.02173
1707.07328
1705.00754
1712.01769
1711.07240
1710.03740
1708.04552
1707.07012
1707.02968
1707.01629
1704.01740
1710.06481
1704.05572
1712.03556
1710.10723
1709.04348
1708.02182
1708.00107
1707.07045
1707.05589
1704.03471
1705.00108
1705.04304
1703.03906
1703.10722
1702.00887
1704.05179
1707.06990
1611.05431
1610.02357
1605.07648
1603.05027
1609.07843
1607.06450
1611.04231
1606.03498
1605.07146
1606.08415
1606.06031
1603.09382
1606.04442
1608.05442
1608.01413
1611.01989
1603.06744
1602.03001
1602.02410
1611.08669
1609.03499
1601.06759
1604.06174
1610.02136
1610.06258
1609.09106
1606.01933
1606.01164
1605.09673
1601.06733
1611.01232
1611.01260
1606.05340
1612.08083
1609.04747
1607.08022
1605.08695
1605.02688
1603.09025
1603.01431
1602.07868
1608.05859
1606.02891
1611.05763
1611.03530
1611.02779
1610.09027
1610.07629
1609.01596
1608.05343
1607.04315
1606.04474
1606.04080
1602.01783
1609.06038
1607.01759
1605.03705
1611.05725
1609.08144
1602.07261
1609.04309
1611.09830
1611.01603
1612.03969
1606.05250
1604.06076
1604.04315
1611.06639
1611.01587
1609.08667
1607.04492
1607.04606
1607.02789
1604.03035
1603.01354
1603.01360
1610.10099
1610.08613
1606.04199
1602.07776
1611.09268
1608.05457
1607.06275
1609.05559
1606.02858
1607.01097
1606.06582
1605.07716
1604.03640
1603.08029
1507.06228
1512.04202
1509.08101
1512.00567
1506.01497
1511.08228
1511.06392
1511.01432
1511.06279
1502.03167
1511.06434
1511.07289
1511.05756
1508.07909
1511.06422
1502.01852
1506.06724
1511.06361
1510.01378
1506.03340
1508.04025
1506.07285
1506.02626
1506.00511
1502.05698
1512.01274
1511.06789
1510.08983
1504.08083
1512.04906
1511.06909
1512.05287
1511.08308
1508.06615
1508.05326
1508.02096
1511.06114
1511.02301
1508.00305
1506.02075
1502.03044
1511.06430
1511.06421
1508.06576
1507.02672
1505.05232
1505.01749
1504.06066
1412.6980
1405.0312
1409.3215
1410.5401
1410.4615
1402.4182
1401.0514
1412.6550
1409.4842
1409.1556
1409.0575
1402.1869
1411.2539
1406.1078
1410.3916
1411.4038
1408.5093
1404.5997
1403.6382
1504.06654
1409.1259
1412.7449
1412.3555
1412.6806
1411.5752
1409.5185
1412.1710
1406.4729
1410.1165
1409.1257
1310.4546
1308.0850
1401.4492
1312.6120
1306.5151
1312.3005
1312.4400
1302.4389
1312.6229
1311.2524
1301.3476
1312.6026
1312.6173
1207.4708
1212.5701
1207.0658
1211.5063
1206.6426
1212.6193
1212.0142
1204.3968
1207.0580
1206.5538
1202.2745
1211.5590
1211.3711
1103.0398
1005.0208
0907.2397
0712.3329
